重投影误差
27.6092
相机内参数矩阵
[28862.03673121802, 0, 3488.549251576955;
 0, 28245.16324769716, 1368.365074473624;
 0, 0, 1]
相机畸变系数
[-4.235252121457563, 124.8034358974407, -0.05297087947127316, -0.0407367697030766, 0]
投影仪内参数矩阵
[28863.20763318976, 0, 3488.488117716802;
 0, 28246.31741859328, 1368.36499184074;
 0, 0, 1]
投影仪畸变系数
[-4.235514828461075, 124.8285255408744, -0.05297482931069611, -0.04073418265352755, 0]
旋转矩阵
[0.9999999999889119, 4.592492894017381e-08, 4.708927353028824e-06;
 -4.592622538130287e-08, 0.999999999999961, 2.753145708031983e-07;
 -4.708927340384797e-06, -2.753147870641232e-07, 0.999999999988875]
平移向量
[-0.002750652848993298;
 -0.0002952319090150693;
 0.04327976567915919]
